
  GRILLE — 5000 configs sur debut -> 2024-12-31
    5000/5000  (66s)
  configs valides (>=25 trades) : 2427/5000

  TOP 25 IN-SAMPLE -> resultat OUT-OF-SAMPLE (2025-01-01 -> fin)
    #  IS:trad %reus  totR  espR   PF  ddR | OOS:trad %reus  totR  espR   PF  ddR
    1     26  57.7  22.5  0.86 4.35  2.4 |      16  31.3   4.0  0.25 1.52  4.1
    2     86  46.5  35.4  0.41 2.06  5.9 |      43  37.2   7.2  0.17 1.29  5.2
    3     38  47.4  23.3  0.61 3.04  3.4 |      24  29.2  -1.3 -0.05 0.88  9.8
    4     35  45.7  25.7  0.73 2.93  3.3 |      21  33.3   0.9  0.05 1.08  6.2
    5     28  53.6  18.6  0.67 3.31  2.4 |      20  25.0  -3.9 -0.20 0.65  5.4
    6     36  50.0  22.6  0.63 2.95  2.6 |      24  25.0  -4.0 -0.16 0.71  5.7
    7     55  49.1  27.8  0.50 2.37  4.1 |      25  44.0   2.3  0.09 1.18  4.6
    8     35  54.3  18.8  0.54 2.63  2.1 |      25  28.0  -9.4 -0.38 0.31 11.1
    9     58  50.0  24.5  0.42 2.13  3.7 |      35  48.6   8.5  0.24 1.64  3.5
   10     53  50.9  22.7  0.43 2.21  3.5 |      31  32.3  -5.3 -0.17 0.68  6.0
   11     33  45.5  19.5  0.59 2.83  2.1 |      23  17.4  -5.5 -0.24 0.60  8.3
   12     32  62.5  16.7  0.52 2.99  5.9 |      12   8.3  -4.1 -0.34 0.45  7.9
   13     35  45.7  23.0  0.66 2.91  3.8 |      22  27.3  -2.9 -0.13 0.73  8.7
   14     51  41.2  31.4  0.62 2.39  3.7 |      36  16.7 -17.8 -0.49 0.26 18.6
   15     62  48.4  27.2  0.44 2.03  7.9 |      33  36.4   5.6  0.17 1.30  9.1
   16     54  44.4  30.5  0.56 2.23  4.7 |      39  25.6 -15.9 -0.41 0.37 15.9
   17     45  42.2  22.7  0.50 2.23  3.7 |      31  32.3   1.2  0.04 1.05  6.9
   18     61  42.6  29.1  0.48 2.08  5.8 |      38  21.1 -19.1 -0.50 0.24 19.1
   19     41  48.8  25.7  0.63 2.51  3.3 |      25  20.0  -9.3 -0.37 0.41  9.5
   20     71  49.3  26.7  0.38 1.94  3.8 |      40  25.0 -15.8 -0.39 0.37 15.8
   21     40  47.5  24.8  0.62 2.29  4.7 |      24  25.0  -5.8 -0.24 0.58  7.7
   22     62  46.8  24.2  0.39 1.98  4.5 |      40  45.0  11.2  0.28 1.63  5.7
   23     53  47.2  21.8  0.41 2.10  3.9 |      36  25.0  -8.4 -0.23 0.59  8.4
   24     38  42.1  27.5  0.72 2.50  5.1 |      25  12.0 -15.9 -0.64 0.15 15.9
   25     37  43.2  19.8  0.53 2.52  2.5 |      23  30.4   2.1  0.09 1.15  4.5

  CONTROLE DE SUR-AJUSTEMENT
                        n    espR moy   totalR moy   % rentables OOS
    top 60               60      -0.162         -4.7                27 %
    temoin aleatoire    60      -0.025         -2.1                52 %

    correlation de rang score IS <-> esperance OOS :  0.120
    Lecture : proche de 0 => optimiser en in-sample n'apporte rien en reel.
              Si le temoin fait aussi bien que le top, la grille n'a trouve que du bruit.

